1.59993
3.19943
4.79823
6.39636
7.99414
9.59207
11.1906
12.7899
14.3899
15.9901
17.5899
19.189
20.7872
22.3848
23.9824
25.5806
27.1797
28.7797
30.3802
31.9804
33.5798
35.1781
36.7756
38.3728
39.9706
41.5694
43.1693
44.77
46.3707
47.9705
49.5691
51.1666
52.7635
54.3607
55.9591
57.5588
59.1597
60.7608
62.3613
63.9603
65.5578
67.1544
68.751
70.3488
71.9482
73.5491
75.1507
76.7519
78.3515
79.9492
81.5455
83.1415
84.7385
86.3374
87.9383
89.5403
91.1423
92.7427
94.3408
95.937
97.5324
99.1285
100.727
102.327
103.93
105.532
107.134
108.733
110.329
111.924
113.519
115.116
116.716
118.318
119.922
121.525
123.125
124.721
126.315
127.909
129.505
131.104
132.707
134.311
135.915
137.517
139.114
140.708
142.3
143.895
145.492
147.095
148.7
150.306
151.909
153.507
155.101
156.692
158.285
159.881
161.482
163.088
164.695
166.3
167.9
169.495
171.085
172.675
174.269
175.869
177.475
179.084
180.692
182.294
183.889
185.479
187.067
188.658
190.256
191.861
193.471
195.082
196.688
198.285
199.874
201.46
203.048
204.642
206.246
207.858
209.472
211.081
212.681
214.271
215.855
217.439
219.029
220.631
222.242
223.86
225.474
227.078
228.669
230.251
231.832
233.417
235.015
236.626
238.246
239.865
241.475
243.072
244.657
246.235
247.816
249.405
251.009
252.627
254.25
255.867
257.472
259.062
260.642
262.219
263.802
265.397
267.007
268.628
270.25
271.864
273.465
275.051
276.629
278.207
279.794
281.394
283.01
284.634
286.255
287.864
289.457
291.038
292.613
294.193
295.784
297.391
299.013
300.638
302.256
303.859
305.446
307.023
308.598
310.181
311.778
313.392
315.017
316.642
318.255
319.853
321.437
323.012
324.59
326.176
327.777
329.394
331.019
332.641
334.25
335.843
337.423
338.998
340.578
342.169
343.777
345.399
347.026
348.644
350.247
351.834
353.41
354.985
356.568
358.165
359.78
361.407
363.032
364.646
366.244
367.826
369.402
370.978
372.565
374.167
375.784
377.411
379.033
380.643
382.235
383.815
385.389
386.969
388.56
390.169
391.792
393.418
395.037
396.642
398.229
399.807
401.382
402.964
404.561
406.175
407.801
409.426
411.041
412.64
414.224
415.8
417.377
418.963
420.564
422.181
423.807
425.429
427.04
428.633
430.214
431.789
433.368
434.959
436.567
438.19
439.817
441.437
443.041
444.628
446.205
447.78
449.362
450.959
452.574
454.201
455.827
457.443
459.041
460.625
462.2
463.777
465.363
466.964
468.582
470.21
471.833
473.444
475.037
476.617
478.191
479.77
