753.29
753.302
753.313
753.325
753.336
753.347
753.358
753.369
753.379
753.389
753.399
753.409
753.418
753.428
753.437
753.446
753.454
753.463
753.472
753.481
753.49
753.499
753.508
753.517
753.527
753.537
753.547
753.557
753.568
753.579
753.59
753.601
753.612
753.624
753.635
753.647
753.658
753.67
753.681
753.692
753.703
753.714
753.724
753.735
753.744
753.754
753.764
753.773
753.782
753.791
753.8
753.808
753.817
753.826
753.835
753.844
753.853
753.862
753.872
753.882
753.892
753.902
753.913
753.924
753.935
753.946
753.957
753.969
753.98
753.992
754.003
754.015
754.026
754.037
754.048
754.059
754.069
754.079
754.089
754.099
754.108
754.118
754.127
754.136
754.144
754.153
754.162
754.171
754.18
754.189
754.198
754.207
754.217
754.226
754.237
754.247
754.257
754.268
754.279
754.291
754.302
754.313
754.325
754.337
754.348
754.359
754.371
754.382
754.393
754.403
754.414
754.424
754.434
754.444
754.453
754.462
754.471
754.48
754.489
754.498
754.506
754.515
754.524
754.533
754.542
754.551
754.561
754.571
754.581
754.591
754.602
754.613
754.624
754.635
754.646
754.658
754.669
754.681
754.692
754.704
754.715
754.726
754.737
754.748
754.758
754.768
754.778
754.788
754.797
754.807
754.816
754.824
754.833
754.842
754.851
754.859
754.868
754.877
754.886
754.896
754.905
754.915
754.925
754.935
754.946
754.957
754.968
754.979
754.99
755.002
755.013
755.025
755.036
755.048
755.059
755.07
755.081
755.092
755.102
755.112
755.122
755.132
755.141
755.15
755.16
755.168
755.177
755.186
755.195
755.203
755.212
755.221
755.23
755.239
755.249
755.259
755.269
755.279
755.29
755.3
755.312
755.323
755.334
755.346
755.357
755.369
755.38
755.391
755.403
755.414
755.425
755.435
755.446
755.456
755.466
755.476
755.485
755.494
755.503
755.512
755.521
755.529
755.538
755.547
755.556
755.565
755.574
755.583
755.592
755.602
755.612
755.623
755.633
755.644
755.655
755.666
755.678
755.689
755.7
755.712
755.723
755.735
755.746
755.757
755.768
755.779
755.789
755.799
755.809
755.819
755.828
755.837
755.846
755.855
755.864
755.873
755.881
755.89
755.899
755.908
755.917
755.926
755.936
755.945
755.955
755.966
755.976
755.987
755.998
756.009
756.021
756.032
756.044
756.055
756.067
756.078
756.089
756.1
756.111
756.122
756.132
756.142
756.152
756.162
756.171
756.18
756.189
756.198
756.207
756.216
756.224
756.233
756.242
756.251
756.26
756.269
756.279
756.288
756.298
756.309
756.319
756.33
756.341
756.352
756.363
756.375
756.386
756.398
756.409
756.421
756.432
756.443
756.454
756.465
756.475
756.485
756.495
756.505
756.514
756.523
756.532
756.541
756.55
756.558
756.567
756.576
756.584
756.593
756.602
756.612
756.621
756.631
756.641
756.651
756.662
756.672
756.683
756.695
756.706
756.717
756.729
756.74
756.752
756.763
756.774
756.786
756.796
756.807
756.817
756.828
756.837
756.847
756.856
756.866
756.875
756.883
756.892
756.901
756.909
756.918
756.927
756.936
756.945
756.954
756.963
756.973
756.983
756.993
757.004
757.015
757.026
757.037
757.048
757.06
757.071
757.083
757.094
757.105
757.117
757.128
757.139
757.149
757.16
757.17
757.18
757.189
757.199
757.208
757.217
757.225
757.234
757.243
757.251
757.26
757.269
757.277
757.287
757.296
757.305
757.315
757.325
757.335
757.346
757.356
757.367
757.379
757.39
757.401
757.413
757.424
757.436
757.447
757.458
757.47
757.48
757.491
757.501
757.512
757.521
757.531
757.54
757.549
757.558
757.567
757.576
757.584
757.593
757.602
757.61
757.619
757.628
757.637
757.647
757.657
757.666
757.677
757.687
757.698
757.709
757.72
757.731
757.743
757.754
757.766
757.777
757.789
757.8
757.811
757.822
757.832
757.843
757.853
757.863
757.872
757.882
757.891
757.9
757.908
757.917
757.926
757.934
757.943
757.952
757.96
757.969
757.979
757.988
757.998
758.008
758.018
758.028
758.039
758.05
758.061
758.073
758.084
758.096
758.107
758.119
758.13
758.141
758.152
758.163
758.174
758.184
758.194
758.204
758.214
758.223
758.232
758.241
758.25
758.258
758.267
758.275
758.284
758.293
758.301
758.31
758.32
758.329
758.339
758.349
758.359
758.369
758.38
758.391
758.402
758.414
758.425
758.436
758.448
758.459
758.471
758.482
758.493
758.504
758.514
758.525
758.535
758.545
758.554
758.564
758.573
758.582
758.59
758.599
758.608
758.616
758.625
758.633
758.642
758.651
758.66
758.67
758.679
758.689
758.699
758.71
758.721
758.732
758.743
758.754
758.765
758.777
758.788
758.8
758.811
758.822
758.834
758.844
758.855
758.865
758.875
758.885
758.895
758.904
758.913
758.922
758.931
758.939
758.948
758.956
758.965
758.974
758.982
758.991
759.001
759.01
759.02
759.03
759.04
759.05
759.061
759.072
759.083
759.094
759.106
759.117
759.129
759.14
759.151
759.163
759.174
759.185
759.195
759.206
759.216
759.225
759.235
759.244
759.253
759.262
759.271
759.279
759.288
759.297
759.305
759.314
759.322
759.331
759.341
759.35
759.36
759.37
759.38
759.39
759.401
759.412
759.423
759.434
759.446
759.457
759.469
759.48
759.491
759.503
759.514
759.524
759.535
759.545
759.555
759.565
759.575
759.584
759.593
759.602
759.611
759.619
759.628
759.636
759.645
759.653
759.662
759.671
759.68
759.69
759.699
759.709
759.719
759.73
759.74
759.751
759.763
759.774
759.785
759.797
759.808
759.82
759.831
759.842
759.853
759.864
759.875
759.885
759.895
759.905
759.914
759.924
759.933
759.941
759.95
759.959
759.967
759.976
759.984
759.993
760.002
760.01
760.02
760.029
760.039
760.048
760.059
760.069
760.08
760.091
760.102
760.113
760.124
760.136
760.147
760.159
760.17
760.181
760.192
760.203
760.214
760.224
760.234
760.244
760.253
760.263
760.272
760.281
760.289
760.298
760.306
760.315
760.323
760.332
760.341
760.349
760.359
760.368
760.377
760.387
760.398
760.408
760.419
760.43
760.441
760.452
760.463
760.475
760.486
760.498
760.509
760.52
760.531
760.542
760.553
760.563
760.573
760.583
760.592
760.601
760.61
760.619
760.628
760.637
760.645
760.653
760.662
760.671
760.679
760.688
760.697
760.707
760.716
760.726
760.736
760.747
760.757
760.768
760.779
760.79
760.802
760.813
760.825
760.836
760.848
760.859
760.87
760.881
760.891
760.901
760.911
760.921
760.931
760.94
760.949
760.958
760.966
760.975
760.983
760.992
761
761.009
761.018
761.026
761.036
761.045
761.054
761.064
761.074
761.085
761.095
761.106
761.117
761.129
761.14
761.152
761.163
761.174
761.186
761.197
761.208
761.219
761.229
761.24
761.25
761.259
761.269
761.278
761.287
761.296
761.305
761.313
761.321
761.33
761.338
761.347
761.356
761.364
761.373
761.383
761.392
761.402
761.412
761.423
761.433
761.444
761.455
761.467
761.478
761.489
761.501
761.512
761.524
761.535
761.546
761.557
761.567
761.577
761.587
761.597
761.607
761.616
761.625
761.634
761.642
761.651
761.659
761.668
761.676
761.685
761.693
761.702
761.711
761.72
761.73
761.74
761.75
761.76
761.771
761.782
761.793
761.804
761.816
761.827
761.838
761.85
761.861
761.872
761.883
761.894
761.905
761.915
761.925
761.935
761.944
761.953
761.962
761.971
761.98
761.988
761.997
762.005
762.013
762.022
762.031
762.039
762.048
762.058
762.067
762.077
762.087
762.098
762.108
762.119
762.13
762.141
762.153
762.164
762.176
762.187
762.198
762.209
762.22
762.231
762.242
762.252
762.262
762.272
762.281
762.29
762.299
762.308
762.317
762.325
762.334
762.342
762.35
762.359
762.368
762.376
762.385
762.395
762.404
762.414
762.424
762.434
762.445
762.456
762.467
762.478
762.49
762.501
762.512
762.524
762.535
762.546
762.557
762.568
762.579
762.589
762.599
762.609
762.618
762.627
762.636
762.645
762.653
762.662
762.67
762.679
762.687
762.696
762.704
762.713
762.722
762.731
762.741
762.751
762.761
762.771
762.782
762.792
762.804
762.815
762.826
762.838
762.849
762.86
762.872
762.883
762.894
762.905
762.915
762.925
762.935
762.945
762.955
762.964
762.973
762.981
762.99
762.998
763.007
763.015
763.023
763.032
763.041
763.049
763.058
763.068
763.077
763.087
763.097
763.107
763.118
763.129
763.14
763.151
763.162
763.174
763.185
763.196
763.208
763.219
763.23
763.241
763.251
763.261
763.271
763.281
763.291
763.3
763.309
763.317
763.326
763.334
763.343
763.351
763.359
763.368
763.376
763.385
763.394
763.403
763.413
763.423
763.433
763.443
763.454
763.465
763.476
763.487
763.498
763.509
763.521
763.532
763.544
763.555
763.566
763.576
763.587
763.597
763.607
763.617
763.626
763.635
763.644
763.653
763.662
763.67
763.678
763.687
763.695
763.703
763.712
763.721
763.73
763.739
763.748
763.758
763.768
763.779
763.789
763.8
763.811
763.822
763.834
763.845
763.856
763.868
763.879
763.89
763.901
763.912
763.922
763.933
763.943
763.952
763.962
763.971
763.98
763.988
763.997
764.005
764.014
764.022
764.03
764.039
764.047
764.056
764.065
764.074
764.084
764.093
764.103
764.114
764.124
764.135
764.146
764.157
764.169
764.18
764.191
764.203
764.214
764.225
764.236
764.247
764.258
764.268
764.278
764.287
764.297
764.306
764.315
764.323
764.332
764.34
764.349
764.357
764.365
764.374
764.382
764.391
764.4
764.409
764.418
764.428
764.438
764.449
764.459
764.47
764.481
764.492
764.503
764.515
764.526
764.538
764.549
764.56
764.571
764.582
764.592
764.602
764.612
764.622
764.631
764.641
764.649
764.658
764.667
764.675
764.683
764.692
764.7
764.708
764.717
764.725
764.734
764.744
764.753
764.763
764.773
764.783
764.794
764.804
764.815
764.827
764.838
764.849
764.861
764.872
764.883
764.894
764.905
764.916
764.927
764.937
764.947
764.956
764.966
764.975
764.984
764.992
765.001
765.009
765.017
765.026
765.034
765.042
765.051
765.06
765.069
765.078
765.087
765.097
765.107
765.117
765.128
765.138
765.149
765.161
765.172
765.183
765.195
765.206
765.217
765.228
765.239
765.25
765.261
765.271
765.281
765.29
765.3
765.309
765.318
765.326
765.335
765.343
765.351
765.36
765.368
765.376
765.385
765.393
765.402
765.411
765.421
765.431
765.441
765.451
765.461
765.472
765.483
765.494
765.506
765.517
765.528
765.54
765.551
765.562
765.573
765.584
765.594
765.604
765.614
765.624
765.633
765.642
765.651
765.66
765.668
765.677
765.685
765.693
765.701
765.71
765.718
765.727
765.736
765.745
765.754
765.764
765.774
765.784
765.795
765.806
765.816
765.828
765.839
765.85
765.862
765.873
765.884
765.895
765.906
765.917
765.928
765.938
765.948
765.957
765.967
765.976
765.984
765.993
766.002
766.01
766.018
766.026
766.035
766.043
766.051
766.06
766.069
766.078
766.087
766.097
766.107
766.117
766.128
766.139
766.149
766.161
766.172
766.183
766.195
766.206
766.217
766.228
766.239
766.25
766.26
766.271
766.281
766.29
766.299
766.309
766.317
766.326
766.334
766.343
766.351
766.359
766.367
766.376
766.384
766.393
766.402
766.411
766.42
766.43
766.44
766.45
766.46
766.471
766.482
766.493
766.505
766.516
766.527
766.539
766.55
766.561
766.572
766.583
766.593
766.603
766.613
766.623
766.632
766.641
766.65
766.658
766.667
766.675
766.683
766.692
766.7
766.708
766.716
766.725
766.734
766.743
766.752
766.762
766.772
766.782
766.793
766.803
766.814
766.825
766.837
766.848
766.859
766.871
766.882
766.893
766.904
766.915
766.925
766.935
766.945
766.955
766.964
766.973
766.982
766.991
766.999
767.007
767.015
767.024
767.032
767.04
767.048
767.057
767.066
767.075
767.084
767.094
767.104
767.114
767.125
767.135
767.146
767.157
767.169
767.18
767.191
767.203
767.214
767.225
767.236
767.247
767.257
767.267
767.277
767.287
767.296
767.305
767.314
767.322
767.331
767.339
767.347
767.355
767.363
767.372
767.38
767.389
767.398
767.407
767.416
767.426
767.435
767.446
767.456
767.467
767.478
767.489
767.5
767.511
767.523
767.534
767.545
767.556
767.567
767.578
767.589
767.599
767.609
767.618
767.627
767.636
767.645
767.654
767.662
767.67
767.678
767.687
767.695
767.703
767.711
767.72
767.729
767.738
767.747
767.757
767.767
767.777
767.787
767.798
767.809
767.82
767.831
767.843
767.854
767.865
767.876
767.888
767.898
767.909
767.92
767.93
767.94
767.949
767.958
767.967
767.976
767.985
767.993
768.001
768.009
768.018
768.026
768.034
768.042
768.051
768.06
768.069
768.078
768.088
768.097
768.108
768.118
768.129
768.14
768.151
768.162
768.173
768.185
768.196
768.207
768.218
768.229
768.24
768.25
768.26
768.27
768.28
768.289
768.298
768.307
768.315
768.324
768.332
768.34
768.348
768.356
768.364
768.373
768.381
768.39
768.399
768.408
768.418
768.428
768.438
768.449
768.459
768.47
768.481
768.492
768.504
768.515
768.526
768.538
768.549
768.56
768.57
768.581
768.591
768.601
768.61
768.619
768.628
768.637
768.646
768.654
768.662
768.67
768.678
768.686
768.695
768.703
768.712
768.72
768.729
768.739
768.748
768.758
768.768
768.779
768.789
768.8
768.811
768.822
768.834
768.845
768.856
768.868
768.879
768.89
768.9
768.911
768.921
768.931
768.94
768.949
768.958
768.967
768.976
768.984
768.992
769
769.008
769.016
769.024
769.033
769.041
769.05
769.059
769.068
769.078
769.088
769.098
769.108
769.119
769.13
769.141
769.152
769.163
769.175
769.186
769.197
769.208
769.219
769.23
769.24
769.25
769.26
769.27
769.279
769.288
769.297
769.305
769.313
769.322
769.33
769.338
769.346
769.354
769.362
769.371
769.379
769.388
769.398
769.407
769.417
769.427
769.438
769.448
769.459
769.47
769.481
769.493
769.504
769.515
769.526
769.538
769.548
769.559
769.569
769.58
769.589
769.599
769.608
769.617
769.626
769.634
769.642
769.651
769.659
769.667
769.675
769.683
769.691
769.7
769.708
769.717
769.727
769.736
769.746
769.756
769.766
769.777
769.788
769.799
769.81
769.822
769.833
769.844
769.855
769.866
769.877
769.888
769.898
769.908
769.918
769.928
769.937
769.946
769.955
769.963
769.971
769.979
769.987
769.995
770.003
770.012
770.02
770.028
770.037
770.046
770.055
770.065
770.074
770.085
770.095
770.106
770.117
770.128
770.139
770.15
770.161
770.173
770.184
770.195
770.206
770.216
770.227
770.237
770.247
770.256
770.265
770.274
770.283
770.291
770.3
770.308
770.316
770.324
770.332
770.34
770.348
770.357
770.365
770.374
770.383
770.393
770.403
770.413
770.423
770.434
770.445
770.456
770.467
770.478
770.489
770.501
770.512
770.523
770.534
770.544
770.555
770.565
770.575
770.584
770.593
770.602
770.611
770.619
770.628
770.636
770.644
770.652
770.66
770.668
770.676
770.684
770.693
770.702
770.711
770.721
770.73
770.741
770.751
770.762
770.772
770.783
770.795
770.806
770.817
770.828
770.84
770.851
770.862
770.872
770.883
770.893
770.902
770.912
770.921
770.93
770.939
770.947
770.955
770.963
770.971
770.979
770.987
770.995
771.004
771.012
771.021
771.029
771.039
771.048
771.058
771.068
771.078
771.089
771.1
771.111
771.122
771.133
771.145
771.156
771.167
771.178
771.189
771.199
771.21
771.22
771.23
771.239
771.248
771.257
771.266
771.274
771.282
771.29
771.298
771.306
771.314
771.322
771.331
771.339
771.348
771.357
771.366
771.375
771.385
771.395
771.405
771.416
771.427
771.438
771.449
771.46
771.471
771.483
771.494
771.505
771.516
771.526
771.537
771.547
771.557
771.566
771.575
771.584
771.593
771.601
771.609
771.617
771.625
771.633
771.641
771.649
771.657
771.666
771.674
771.683
771.692
771.702
771.712
771.722
771.732
771.743
771.753
771.764
771.776
771.787
771.798
771.809
771.82
771.831
771.842
771.853
771.863
771.873
771.883
771.893
771.902
771.911
771.919
771.927
771.936
771.944
771.952
771.96
771.968
771.976
771.984
771.992
772.001
772.009
772.019
772.028
772.038
772.048
772.058
772.069
772.08
772.091
772.102
772.113
772.124
772.135
772.147
772.158
772.168
772.179
772.189
772.199
772.209
772.219
772.228
772.237
772.245
772.254
772.262
772.27
772.278
772.286
772.293
772.302
772.31
772.318
772.327
772.335
772.344
772.354
772.364
772.374
772.384
772.395
772.405
772.416
772.428
772.439
772.45
772.461
772.472
772.483
772.494
772.505
772.515
772.525
772.535
772.544
772.553
772.562
772.571
772.579
772.587
772.595
772.603
772.611
772.619
772.627
772.635
772.644
772.652
772.661
772.67
772.679
772.689
772.699
772.709
772.72
772.731
772.742
772.753
772.764
772.775
772.787
772.798
772.809
772.82
772.83
772.84
772.851
772.86
772.87
772.879
772.888
772.896
772.904
772.913
772.921
772.928
772.936
772.944
772.952
772.96
772.969
772.977
772.986
772.995
773.004
773.014
