402.665
402.665
402.665
402.665
402.665
402.665
402.665
402.665
402.665
402.665
402.665
402.665
402.665
402.665
402.665
402.665
402.665
402.665
402.665
402.665
402.665
402.665
402.665
402.665
402.665
402.665
402.665
402.665
402.665
402.665
402.665
402.665
402.666
402.666
402.666
402.666
402.666
402.666
402.666
402.666
402.666
402.666
402.666
402.666
402.666
402.666
402.666
402.666
402.666
402.666
402.666
402.667
402.667
402.667
402.667
402.667
402.667
402.667
402.667
402.667
402.667
402.667
402.668
402.668
402.668
402.668
402.668
402.668
402.668
402.669
402.669
402.669
402.669
402.669
402.669
402.669
402.67
402.67
402.67
402.67
402.671
402.671
402.671
402.671
402.671
402.672
402.673
402.673
402.673
402.673
402.674
402.674
402.674
402.674
402.675
402.676
402.677
402.677
402.677
402.678
402.678
402.679
402.679
402.68
402.681
402.682
402.682
402.683
402.683
402.684
402.685
402.685
402.686
402.688
402.689
402.69
402.691
402.692
402.693
402.694
402.695
402.696
402.698
402.7
402.702
402.702
402.703
402.706
402.708
402.709
402.71
402.712
402.716
402.718
402.719
402.72
402.723
402.727
402.729
402.73
402.733
402.738
402.742
402.744
402.745
402.748
402.754
402.758
402.748
402.75
402.755
402.761
402.765
402.766
402.77
402.775
402.781
402.784
402.779
402.786
402.793
402.799
402.801
402.8
402.806
402.812
402.818
402.805
402.805
402.813
402.82
402.824
402.826
402.828
402.833
402.84
402.845
402.835
402.84
402.848
402.855
402.858
402.854
402.859
402.866
402.873
402.877
402.873
402.883
402.892
402.898
402.9
402.901
402.909
402.917
402.923
402.909
402.911
402.921
402.929
402.934
402.925
402.928
402.937
402.944
402.949
402.939
402.945
402.953
402.96
402.964
402.959
402.965
402.972
402.98
402.984
402.98
402.991
403
403.006
403.009
403.01
403.019
403.027
403.034
403.018
403.022
403.032
403.041
403.045
403.036
403.04
403.049
403.056
403.062
403.051
403.058
403.066
403.074
403.078
403.073
403.08
403.087
403.095
403.077
403.073
403.083
403.092
403.098
403.101
403.1
403.109
403.117
403.123
403.108
403.11
403.12
403.128
403.133
403.124
403.127
403.135
403.143
403.148
403.137
403.143
403.151
403.158
403.162
403.157
403.163
403.17
403.177
403.182
403.177
403.188
403.197
403.204
403.207
403.207
403.216
403.224
403.231
403.215
403.218
403.228
403.237
403.242
403.233
403.236
403.245
403.253
403.258
403.247
403.253
403.262
403.27
403.274
403.269
403.275
403.283
403.291
403.272
403.267
403.277
403.286
403.293
403.296
403.295
403.303
403.311
403.318
403.302
403.304
403.314
403.323
403.328
403.318
403.321
403.329
403.337
403.342
403.33
403.336
403.344
403.352
403.356
403.35
403.356
403.363
403.371
403.375
403.37
403.381
403.391
403.397
403.4
403.4
403.409
403.418
403.425
403.408
403.41
403.421
403.43
403.436
403.426
403.429
403.438
403.446
403.451
403.439
403.446
403.455
403.463
403.467
403.461
403.468
403.476
403.483
403.488
403.482
403.492
403.502
403.509
403.511
403.511
403.519
403.528
403.535
403.518
403.52
403.53
403.539
403.545
403.535
403.537
403.546
403.554
403.559
403.547
403.553
403.561
403.569
403.573
403.568
403.574
403.582
403.589
403.593
403.588
403.597
403.606
403.613
403.616
403.615
403.623
403.631
403.638
403.622
403.623
403.633
403.642
403.647
403.637
403.639
403.648
403.655
403.661
403.649
403.654
403.662
403.67
403.674
403.668
403.674
403.681
403.689
403.693
403.687
403.696
403.705
403.712
403.715
403.713
403.721
403.729
403.736
403.72
403.72
403.73
403.739
403.744
403.734
403.736
403.744
403.752
403.757
403.745
403.749
403.757
403.765
403.769
403.763
403.768
403.776
403.783
403.788
403.781
403.79
403.798
403.805
403.808
403.806
403.814
403.822
403.829
403.812
403.812
403.822
403.831
403.836
403.826
403.827
403.835
403.843
403.848
403.836
403.84
403.848
403.856
403.859
403.853
403.858
403.866
403.873
403.877
403.87
403.879
403.887
403.894
403.897
403.895
403.902
403.91
403.916
403.9
403.9
403.91
403.918
403.923
403.925
403.927
403.936
403.943
403.949
403.937
403.942
403.95
403.958
403.962
403.956
403.962
403.969
403.977
403.981
403.975
403.984
403.993
403.999
404.002
404.001
404.009
404.017
404.024
404.007
404.008
404.018
404.027
404.032
404.022
404.024
404.032
404.039
404.045
404.033
404.038
404.046
404.053
404.057
404.051
404.057
404.064
404.071
404.075
404.069
404.078
404.087
404.093
404.096
404.094
404.102
404.11
404.117
404.101
404.101
404.111
404.119
404.124
404.115
404.116
404.124
404.132
404.137
404.125
404.13
404.137
404.145
404.149
404.143
404.148
404.155
404.162
404.166
404.161
404.171
404.18
404.186
404.189
404.188
404.197
404.205
404.212
404.196
404.197
404.208
404.216
404.222
404.212
404.214
404.223
404.231
404.236
404.224
404.23
404.239
404.246
404.25
404.245
404.251
404.258
404.265
404.27
404.264
404.274
404.283
404.289
404.292
404.291
404.299
404.307
404.314
404.298
404.3
404.31
404.318
404.323
404.314
404.316
404.324
404.332
404.337
404.326
404.331
404.339
404.347
404.351
404.345
404.351
404.358
404.366
404.37
404.366
404.376
404.386
404.392
404.38
404.379
404.387
404.395
404.402
404.386
404.387
404.397
404.406
404.411
404.401
404.404
404.412
404.419
404.425
404.413
404.419
404.427
404.435
404.438
404.433
404.439
404.446
404.453
404.458
404.453
404.464
404.473
404.48
404.467
404.466
404.475
404.483
404.489
404.473
404.475
404.485
404.493
404.498
404.489
404.491
404.5
404.507
404.512
404.501
404.507
404.515
404.522
404.526
404.52
404.526
404.533
404.541
404.545
404.541
404.552
404.561
404.567
404.555
404.554
404.562
404.57
404.577
404.561
404.563
404.573
404.581
404.586
404.577
404.579
404.587
404.595
404.6
404.589
404.594
404.602
404.61
404.614
404.608
404.614
404.621
404.629
404.633
404.629
404.64
404.649
404.655
404.643
404.642
404.651
404.658
404.665
404.649
404.651
404.661
404.669
404.674
404.665
404.667
404.676
404.683
404.688
404.677
404.683
404.691
404.699
404.702
404.697
404.703
404.71
404.717
404.7
404.695
404.704
404.713
404.719
404.722
404.721
404.729
404.736
404.743
404.728
404.729
404.739
404.747
404.752
404.743
404.745
404.753
404.76
404.765
404.754
404.76
404.767
404.775
404.778
404.773
404.779
404.786
404.793
404.797
404.793
404.803
404.812
404.818
404.821
404.821
404.83
404.838
404.845
404.829
404.833
404.842
404.851
404.856
404.847
404.85
404.859
404.866
404.871
404.861
404.868
404.877
404.884
404.887
404.883
404.89
404.897
404.905
404.887
404.884
404.894
404.902
404.908
404.91
404.911
404.919
404.927
404.933
404.919
404.922
404.931
404.939
404.944
404.936
404.939
404.947
404.954
404.959
404.949
404.956
404.964
404.971
404.974
404.971
404.977
404.984
404.991
404.975
404.971
404.981
404.989
404.995
404.997
404.997
405.005
405.013
405.019
405.005
405.008
405.017
405.025
405.029
405.021
405.025
405.032
405.039
405.044
405.035
405.041
405.049
405.056
405.059
405.055
405.061
405.068
405.075
405.059
405.056
405.065
405.073
405.078
405.081
405.081
405.089
405.096
405.102
405.089
405.092
405.1
405.108
405.112
405.104
405.108
405.115
405.122
405.126
405.117
405.124
405.131
405.138
405.141
405.137
405.143
405.15
405.156
405.141
405.139
405.147
405.155
405.16
405.162
405.163
405.17
405.177
405.182
405.17
405.173
405.181
405.188
405.192
405.185
405.189
405.196
405.202
405.206
405.198
405.204
405.211
405.218
405.22
405.217
405.223
405.229
405.236
405.221
405.219
405.227
405.235
405.24
405.242
405.242
405.25
405.256
405.261
405.25
405.253
405.261
405.267
405.271
405.265
405.268
405.273
405.279
405.283
405.277
405.284
405.291
405.298
405.3
405.298
405.305
405.311
405.318
405.303
405.302
405.311
405.318
405.323
405.325
405.327
405.335
405.341
405.346
405.335
405.34
405.347
405.354
405.358
405.353
405.358
405.364
405.371
405.375
405.371
405.38
405.389
405.395
405.398
405.397
405.406
405.413
405.42
405.405
405.407
405.417
405.425
405.43
405.421
405.424
405.432
405.44
405.445
405.434
405.441
405.449
405.456
405.459
405.455
405.461
405.468
405.476
405.459
405.455
405.464
405.473
405.478
405.481
405.481
405.489
405.496
405.502
405.488
405.491
405.5
405.508
405.512
405.504
405.508
405.515
405.522
405.527
405.517
405.524
405.532
405.538
405.541
405.538
405.544
405.551
405.557
405.542
405.538
405.547
405.555
405.561
405.563
405.563
405.571
405.578
405.584
405.571
405.574
405.583
405.59
405.594
405.587
405.59
405.597
405.604
405.608
405.6
405.606
405.613
405.62
405.623
405.62
405.626
405.632
405.639
405.624
405.621
405.63
405.637
405.642
405.644
405.645
405.653
405.66
405.665
405.653
405.656
405.664
405.671
405.675
405.668
405.672
405.679
405.685
405.689
405.681
405.688
405.695
405.701
405.704
405.701
405.707
405.713
405.719
405.705
405.703
405.712
405.719
405.724
405.726
405.727
405.734
405.74
405.746
405.734
405.738
405.745
405.752
405.755
405.75
405.754
405.761
405.767
405.771
405.765
405.773
405.78
405.786
405.789
405.787
405.794
405.801
405.807
405.793
405.793
405.802
405.809
405.814
405.805
405.807
405.814
405.82
405.825
405.814
405.819
405.825
405.832
405.835
405.83
405.835
405.841
405.848
405.851
405.847
405.856
405.864
405.87
405.872
405.872
405.88
405.887
405.893
405.879
405.882
405.891
405.898
405.903
405.895
405.898
405.905
405.912
405.917
405.907
405.913
405.921
405.927
405.931
405.927
405.933
405.939
405.946
405.93
405.927
405.936
405.943
405.949
405.951
405.951
405.959
405.966
405.972
405.959
405.961
405.97
405.977
405.981
405.974
405.977
405.984
405.991
405.995
405.987
405.993
406
406.006
406.009
406.006
406.012
406.018
406.025
406.01
406.008
406.016
406.023
406.028
406.03
406.031
406.039
406.045
406.05
406.039
406.042
406.05
406.057
406.061
406.054
406.057
406.064
406.07
406.074
406.067
406.073
406.08
406.086
406.089
406.086
406.092
406.098
406.104
406.09
406.089
406.097
406.104
406.109
406.111
406.112
406.119
406.125
406.13
406.119
406.123
406.13
406.137
406.14
406.135
406.14
406.146
406.152
406.156
406.151
406.158
406.166
406.171
406.174
406.172
406.179
406.186
406.192
406.178
406.179
406.187
406.194
406.199
406.191
406.192
406.199
406.206
406.21
406.2
406.205
406.212
406.218
406.221
406.217
406.222
406.227
406.234
406.237
406.234
406.243
406.251
406.256
406.259
406.259
406.267
406.274
406.28
406.266
406.269
406.278
406.285
406.289
406.282
406.285
406.293
406.299
406.304
406.295
406.302
406.309
406.315
406.318
406.315
406.321
406.328
406.334
406.319
406.317
406.325
406.333
406.338
406.34
406.341
406.348
406.355
406.361
406.349
406.352
406.36
406.367
406.371
406.364
406.368
406.375
406.381
406.385
406.378
406.385
406.392
406.398
406.4
406.398
406.404
406.41
406.417
406.402
406.401
406.409
406.417
406.421
406.423
406.425
406.432
406.438
406.443
406.432
406.437
406.444
406.451
406.454
406.449
406.454
406.46
406.467
406.47
406.465
406.473
406.481
406.486
406.489
406.488
406.495
406.502
406.508
406.494
406.495
406.504
406.511
406.515
406.507
406.509
406.516
406.523
406.527
406.518
406.523
406.53
406.536
406.539
406.535
406.54
406.546
406.553
406.538
406.534
406.542
406.549
406.555
406.557
406.557
406.564
406.57
406.575
406.563
406.565
406.573
406.58
406.584
406.577
406.579
406.586
406.592
406.596
406.588
406.594
406.6
406.606
406.609
406.606
406.611
406.617
406.623
406.609
406.607
406.614
406.621
406.626
406.628
406.628
406.635
406.641
406.647
406.635
406.638
406.646
406.652
406.656
406.649
406.652
406.659
406.665
406.668
406.661
406.667
406.674
406.679
406.682
406.679
406.685
406.691
406.696
406.683
406.682
406.689
406.696
406.7
406.702
406.703
406.71
406.716
406.72
406.71
406.714
406.72
406.727
406.73
406.725
406.729
406.735
406.741
406.745
406.74
406.747
406.754
406.759
406.761
406.76
406.767
406.773
406.778
406.766
406.767
406.774
406.781
406.785
406.778
406.779
406.786
406.792
406.796
406.787
406.792
406.798
406.804
406.807
406.803
406.808
406.813
406.819
406.822
406.82
406.828
406.836
406.841
406.831
406.831
406.838
406.844
406.849
406.837
406.839
406.847
406.854
406.857
406.851
406.853
406.86
406.865
406.869
406.862
406.867
406.873
406.879
406.882
406.879
406.884
406.89
406.896
406.882
406.88
406.887
406.894
406.899
406.9
406.901
406.908
406.914
406.918
406.908
406.911
406.918
406.924
406.928
406.922
406.925
406.931
406.936
406.94
406.933
406.939
406.946
406.951
406.953
406.951
406.957
406.962
406.967
406.955
406.954
406.961
406.968
406.972
406.973
406.975
406.981
406.987
406.991
406.982
406.986
406.992
406.998
407.001
406.996
407.001
407.006
407.012
407.015
407.012
407.02
407.027
407.032
407.034
407.035
407.042
407.048
407.054
407.041
407.044
407.052
407.059
407.062
407.056
407.058
407.065
407.071
407.075
407.068
407.073
407.08
407.086
407.089
407.086
407.092
407.098
407.104
407.09
407.088
407.096
407.102
407.107
407.109
407.11
407.117
407.123
407.128
407.117
407.121
407.128
407.134
407.138
407.132
407.135
407.142
407.147
407.151
407.145
407.151
407.158
407.163
407.166
407.163
407.169
407.175
407.181
407.168
407.167
407.175
407.182
407.186
407.178
407.179
407.185
407.191
407.195
407.185
407.189
407.195
407.201
407.204
407.199
407.203
407.208
407.214
407.217
407.213
407.221
407.228
407.234
407.236
407.235
407.242
407.249
407.254
407.242
407.244
407.252
407.258
407.262
407.255
407.258
407.264
407.27
407.275
407.266
407.272
407.279
407.284
407.287
407.284
407.289
407.295
407.301
407.287
407.285
407.293
407.299
407.304
407.306
407.307
407.313
407.32
407.325
407.313
407.317
407.324
407.33
407.334
407.328
407.331
407.337
407.343
407.347
407.34
407.346
407.352
407.358
407.36
407.358
407.364
407.369
407.375
407.362
407.361
407.369
407.375
407.379
407.381
407.382
407.389
407.395
407.399
407.39
407.394
407.4
407.406
407.409
407.405
407.41
407.415
407.421
407.425
407.42
407.428
407.435
407.44
407.442
407.441
407.448
407.454
407.459
407.447
407.449
407.457
407.463
407.467
407.46
407.462
407.469
407.474
407.478
407.47
407.476
407.482
407.488
407.49
407.487
407.492
407.498
407.504
407.49
407.488
407.495
407.502
407.506
407.508
407.509
407.515
407.521
407.526
407.515
407.518
407.525
407.531
407.535
407.529
407.532
407.538
407.543
407.547
407.54
407.546
407.552
407.558
407.56
407.558
407.563
407.569
407.574
407.561
407.561
407.568
407.574
407.578
407.58
407.581
407.587
407.593
407.597
407.588
407.592
407.598
407.604
407.607
407.603
407.607
407.612
407.618
407.622
407.619
407.627
407.634
407.639
407.629
407.629
407.635
407.641
407.647
407.635
407.636
407.644
407.65
407.654
407.647
407.65
407.656
407.662
407.666
407.658
407.663
407.669
407.675
407.677
407.674
407.679
407.685
407.691
407.677
407.675
407.683
407.689
407.693
407.695
407.696
407.702
407.708
407.713
407.702
407.705
407.712
407.718
407.721
407.716
407.719
407.725
407.73
407.733
407.727
407.733
407.739
407.744
407.747
407.745
407.75
407.755
407.761
407.748
407.748
407.755
407.761
407.765
407.767
407.768
407.774
407.78
407.784
407.775
407.779
407.785
407.791
407.794
407.79
407.794
407.8
407.805
407.792
407.789
407.796
407.802
407.807
407.808
407.808
407.814
407.82
407.825
407.814
407.815
407.823
407.829
407.832
407.826
407.828
407.834
407.839
407.843
407.836
407.841
407.847
407.852
407.854
407.851
407.856
407.861
407.867
407.855
407.853
407.86
407.866
407.87
407.871
407.872
407.878
407.884
407.888
407.878
407.881
407.888
407.893
407.896
407.891
407.894
407.9
407.905
407.908
407.902
407.908
407.914
407.919
407.921
407.919
407.924
407.929
407.934
407.923
407.922
407.929
407.935
407.939
407.94
407.942
407.947
407.953
407.957
407.948
407.953
407.958
407.964
407.966
407.963
407.967
407.972
407.977
407.965
407.962
407.969
407.975
407.979
407.981
407.981
407.986
407.992
407.996
407.986
407.988
407.995
408
408.004
407.998
408
408.006
408.011
408.014
408.008
408.013
408.018
408.023
408.025
408.023
408.028
408.033
408.038
408.026
408.025
408.031
408.037
408.041
408.042
408.043
408.049
408.054
408.058
408.049
408.053
408.058
408.064
408.066
408.062
408.066
408.071
408.076
408.079
408.076
408.083
408.09
408.094
408.096
408.096
408.103
408.108
408.113
408.102
408.104
408.112
408.118
408.121
408.115
408.118
408.124
408.129
408.133
