5.67677
5.67677
5.67677
5.67677
5.67677
5.67677
5.67677
5.67677
5.67677
5.67677
5.67677
5.67677
5.67677
5.67677
5.67677
5.67677
5.67677
5.67677
5.67677
5.67677
5.67677
5.67677
5.67677
5.67678
5.67678
5.67678
5.67678
5.67678
5.67678
5.67678
5.67678
5.67678
5.67678
5.67678
5.67678
5.67678
5.67678
5.67678
5.67679
5.67679
5.67679
5.67679
5.67679
5.67679
5.67679
5.67679
5.67679
5.67679
5.67679
5.6768
5.6768
5.6768
5.6768
5.6768
5.6768
5.67681
5.67681
5.67681
5.67681
5.67682
5.67682
5.67682
5.67683
5.67683
5.67683
5.67684
5.67684
5.67685
5.67685
5.67686
5.67687
5.67687
5.67688
5.67689
5.6769
5.67691
5.67692
5.67693
5.67694
5.67695
5.67696
5.67697
5.67699
5.677
5.67701
5.67703
5.67704
5.67705
5.67706
5.67708
5.67709
5.6771
5.67711
5.67711
5.67712
5.67713
5.67713
5.67714
5.67714
5.67714
5.67715
5.67715
5.67715
5.67714
5.67714
5.67714
5.67714
5.67713
5.67713
5.67712
5.67711
5.6771
5.67709
5.67708
5.67707
5.67706
5.67705
5.67704
5.67703
5.67702
5.67701
5.677
5.67698
5.67697
5.67697
5.67696
5.67695
5.67694
5.67693
5.67692
5.67692
5.67691
5.67691
5.6769
5.67689
5.67689
5.67689
5.67688
5.67688
5.67687
5.67687
5.67687
5.67687
5.67686
5.67686
5.67686
5.67686
5.67685
5.67685
5.67685
5.67685
5.67685
5.67685
5.67685
5.67685
5.67684
5.67684
5.67684
5.67684
5.67684
5.67684
5.67684
5.67684
5.67684
5.67684
5.67684
5.67683
5.67683
5.67683
5.67683
5.67683
5.67683
5.67683
5.67683
5.67683
5.67683
5.67683
5.67683
5.67683
5.67683
5.67683
5.67683
5.67683
5.67682
5.67682
5.67682
5.67682
5.67682
5.67682
5.67682
5.67682
5.67682
5.67682
5.67682
5.67682
5.67682
5.67682
5.67682
5.67682
5.67682
5.67682
5.67682
5.67682
5.67682
5.67682
5.67682
5.67682
5.67682
5.67682
5.67682
5.67682
5.67682
5.67682
5.67682
5.67682
5.67682
5.67682
5.67682
5.67682
5.67682
5.67682
5.67683
5.67683
5.67683
5.67683
5.67683
5.67683
5.67683
5.67683
5.67683
5.67683
5.67683
5.67683
5.67683
5.67683
5.67683
5.67683
5.67684
5.67684
5.67684
5.67684
5.67684
5.67684
5.67684
5.67684
5.67684
5.67684
5.67684
5.67684
5.67685
5.67685
5.67685
5.67685
5.67685
5.67685
5.67685
5.67686
5.67686
5.67686
5.67686
5.67687
5.67687
5.67687
5.67687
5.67688
5.67688
5.67689
5.67689
5.67689
5.6769
5.67691
5.67691
5.67692
5.67693
5.67693
5.67694
5.67695
5.67696
5.67697
5.67698
5.67699
5.677
5.67701
5.67703
5.67704
5.67705
5.67706
5.67708
5.67709
5.6771
5.67712
5.67713
5.67714
5.67715
5.67716
5.67717
5.67717
5.67718
5.67719
5.67719
5.67719
5.6772
5.6772
5.6772
5.6772
5.6772
5.6772
5.67719
5.67719
5.67718
5.67718
5.67717
5.67716
5.67716
5.67715
5.67714
5.67713
5.67712
5.6771
5.67709
5.67708
5.67707
5.67706
5.67705
5.67704
5.67703
5.67702
5.67701
5.677
5.67699
5.67698
5.67698
5.67697
5.67696
5.67696
5.67695
5.67695
5.67694
5.67694
5.67693
5.67693
5.67693
5.67692
5.67692
5.67692
5.67692
5.67691
5.67691
5.67691
5.67691
5.67691
5.6769
5.6769
5.6769
5.6769
5.6769
5.6769
5.6769
5.6769
5.67689
5.67689
5.67689
5.67689
5.67689
5.67689
5.67689
5.67689
5.67689
5.67689
5.67689
5.67689
5.67689
5.67688
5.67688
5.67688
5.67688
5.67688
5.67688
5.67688
5.67688
5.67688
5.67688
5.67688
5.67688
5.67688
5.67688
5.67688
5.67688
5.67688
5.67688
5.67687
5.67687
5.67687
5.67687
5.67687
5.67687
5.67687
5.67687
5.67687
5.67687
5.67687
5.67687
5.67687
5.67687
5.67687
5.67687
5.67687
5.67687
5.67687
5.67687
5.67687
5.67687
5.67687
5.67687
5.67687
5.67687
5.67687
5.67687
5.67688
5.67688
5.67688
5.67688
5.67688
5.67688
5.67688
5.67688
5.67688
5.67688
5.67688
5.67688
5.67688
5.67688
5.67688
5.67688
5.67688
5.67688
5.67689
5.67689
5.67689
5.67689
5.67689
5.67689
5.67689
5.67689
5.67689
5.67689
5.67689
5.67689
5.67689
5.6769
5.6769
5.6769
5.6769
5.6769
5.6769
5.6769
5.67691
5.67691
5.67691
5.67691
5.67691
5.67692
5.67692
5.67692
5.67692
5.67693
5.67693
5.67693
5.67694
5.67694
5.67695
5.67695
5.67696
5.67696
5.67697
5.67698
5.67698
5.67699
5.677
5.67701
5.67702
5.67703
5.67704
5.67705
5.67706
5.67708
5.67709
5.6771
5.67712
5.67713
5.67714
5.67715
5.67717
5.67718
5.67719
5.6772
5.67721
5.67722
5.67723
5.67723
5.67724
5.67724
5.67725
5.67725
5.67725
5.67725
5.67725
5.67725
5.67725
5.67725
5.67724
5.67724
5.67723
5.67723
5.67722
5.67721
5.6772
5.67719
5.67718
5.67717
5.67716
5.67715
5.67714
5.67712
5.67711
5.6771
5.67709
5.67708
5.67707
5.67706
5.67705
5.67705
5.67704
5.67703
5.67702
5.67702
5.67701
5.67701
5.677
5.677
5.67699
5.67699
5.67698
5.67698
5.67698
5.67697
5.67697
5.67697
5.67697
5.67696
5.67696
5.67696
5.67696
5.67696
5.67696
5.67695
5.67695
5.67695
5.67695
5.67695
5.67695
5.67695
5.67695
5.67695
5.67694
5.67694
5.67694
5.67694
5.67694
5.67694
5.67694
5.67694
5.67694
5.67694
5.67694
5.67694
5.67694
5.67694
5.67693
5.67693
5.67693
5.67693
5.67693
5.67693
5.67693
5.67693
5.67693
5.67693
5.67693
5.67693
5.67693
5.67693
5.67693
5.67693
5.67693
5.67693
5.67693
5.67693
5.67692
5.67692
5.67692
5.67692
5.67692
5.67692
5.67692
5.67692
5.67692
5.67692
5.67692
5.67692
5.67692
5.67692
5.67692
5.67692
5.67693
5.67693
5.67693
5.67693
5.67693
5.67693
5.67693
5.67693
5.67693
5.67693
5.67693
5.67693
5.67693
5.67693
5.67693
5.67693
5.67693
5.67693
5.67693
5.67693
5.67694
5.67694
5.67694
5.67694
5.67694
5.67694
5.67694
5.67694
5.67694
5.67694
5.67694
5.67694
5.67694
5.67694
5.67695
5.67695
5.67695
5.67695
5.67695
5.67695
5.67695
5.67695
5.67695
5.67696
5.67696
5.67696
5.67696
5.67696
5.67696
5.67697
5.67697
5.67697
5.67698
5.67698
5.67698
5.67699
5.67699
5.67699
5.677
5.677
5.67701
5.67702
5.67702
5.67703
5.67704
5.67704
5.67705
5.67706
5.67707
5.67708
5.67709
5.6771
5.67712
5.67713
5.67714
5.67715
5.67717
5.67718
5.67719
5.6772
5.67722
5.67723
5.67724
5.67725
5.67726
5.67727
5.67728
5.67728
5.67729
5.67729
5.6773
5.6773
5.6773
5.6773
5.6773
5.6773
5.6773
5.6773
5.6773
5.67729
5.67729
5.67728
5.67727
5.67726
5.67725
5.67724
5.67723
5.67722
5.67721
5.6772
5.67719
5.67718
5.67717
5.67716
5.67715
5.67714
5.67713
5.67712
5.67711
5.6771
5.67709
5.67708
5.67708
5.67707
5.67706
5.67706
5.67705
5.67705
5.67704
5.67704
5.67704
5.67703
5.67703
5.67703
5.67702
5.67702
5.67702
5.67702
5.67701
5.67701
5.67701
5.67701
5.67701
5.67701
5.67701
5.677
5.677
5.677
5.677
5.677
5.677
5.677
5.677
5.677
5.677
5.67699
5.67699
5.67699
5.67699
5.67699
5.67699
5.67699
5.67699
5.67699
5.67699
5.67699
5.67699
5.67699
5.67699
5.67699
5.67698
5.67698
5.67698
5.67698
5.67698
5.67698
5.67698
5.67698
5.67698
5.67698
5.67698
5.67698
5.67698
5.67698
5.67698
5.67698
5.67698
5.67698
5.67698
5.67698
5.67698
5.67698
5.67698
5.67698
5.67698
5.67698
5.67698
5.67698
5.67698
5.67698
5.67698
5.67698
5.67698
5.67698
5.67698
5.67698
5.67698
5.67698
5.67698
5.67698
5.67698
5.67698
5.67698
5.67698
5.67698
5.67698
5.67698
5.67698
5.67699
5.67699
5.67699
5.67699
5.67699
5.67699
5.67699
5.67699
5.67699
5.67699
5.67699
5.67699
5.67699
5.67699
5.67699
5.677
5.677
5.677
5.677
5.677
5.677
5.677
5.677
5.677
5.677
5.67701
5.67701
5.67701
5.67701
5.67701
5.67701
5.67701
5.67702
5.67702
5.67702
5.67702
5.67703
5.67703
5.67703
5.67704
5.67704
5.67705
5.67705
5.67706
5.67706
5.67707
5.67707
5.67708
5.67709
5.6771
5.6771
5.67711
5.67712
5.67713
5.67714
5.67715
5.67717
5.67718
5.67719
5.6772
5.67722
5.67723
5.67724
5.67726
5.67727
5.67728
5.67729
5.6773
5.67731
5.67732
5.67733
5.67733
5.67734
5.67735
5.67735
5.67735
5.67735
5.67736
5.67736
5.67736
5.67735
5.67735
5.67735
5.67734
5.67734
5.67733
5.67733
5.67732
5.67731
5.6773
5.67729
5.67728
5.67727
5.67725
5.67724
5.67723
5.67722
5.67721
5.6772
5.67719
5.67718
5.67717
5.67716
5.67715
5.67714
5.67714
5.67713
5.67712
5.67712
5.67711
5.67711
5.6771
5.6771
5.67709
5.67709
5.67709
5.67708
5.67708
5.67708
5.67707
5.67707
5.67707
5.67707
5.67707
5.67706
5.67706
5.67706
5.67706
5.67706
5.67706
5.67706
5.67705
5.67705
5.67705
5.67705
5.67705
5.67705
5.67705
5.67705
5.67705
5.67705
5.67705
5.67704
5.67704
5.67704
5.67704
5.67704
5.67704
5.67704
5.67704
5.67704
5.67704
5.67704
5.67704
5.67704
5.67704
5.67704
5.67704
5.67704
5.67703
5.67703
5.67703
5.67703
5.67703
5.67703
5.67703
5.67703
5.67703
5.67703
5.67703
5.67703
5.67703
5.67703
5.67703
5.67703
5.67703
5.67703
5.67703
5.67703
5.67703
5.67703
5.67703
5.67703
5.67703
5.67703
5.67703
5.67703
5.67703
5.67703
5.67703
5.67703
5.67703
5.67703
5.67703
5.67703
5.67703
5.67703
5.67703
5.67704
5.67704
5.67704
5.67704
5.67704
5.67704
5.67704
5.67704
5.67704
5.67704
5.67704
5.67704
5.67704
5.67704
5.67704
5.67704
5.67705
5.67705
5.67705
5.67705
5.67705
5.67705
5.67705
5.67705
5.67705
5.67705
5.67705
5.67705
5.67706
5.67706
5.67706
5.67706
5.67706
5.67706
5.67707
5.67707
5.67707
5.67707
5.67707
5.67708
5.67708
5.67708
5.67709
5.67709
5.67709
5.6771
5.6771
5.67711
5.67711
5.67712
5.67712
5.67713
5.67714
5.67715
5.67715
5.67716
5.67717
5.67718
5.67719
5.6772
5.67722
5.67723
5.67724
5.67725
5.67727
5.67728
5.67729
5.67731
5.67732
5.67733
5.67734
5.67735
5.67736
5.67737
5.67738
5.67739
5.67739
5.6774
5.6774
5.6774
5.67741
5.67741
5.67741
5.67741
5.67741
5.6774
5.6774
5.6774
5.67739
5.67739
5.67738
5.67737
5.67736
5.67735
5.67734
5.67733
5.67732
5.67731
5.6773
5.67729
5.67727
5.67726
5.67725
5.67724
5.67723
5.67722
5.67721
5.67721
5.6772
5.67719
5.67718
5.67718
5.67717
5.67716
5.67716
5.67715
5.67715
5.67715
5.67714
5.67714
5.67714
5.67713
5.67713
5.67713
5.67712
5.67712
5.67712
5.67712
5.67712
5.67711
5.67711
5.67711
5.67711
5.67711
5.67711
5.67711
5.67711
5.6771
5.6771
5.6771
5.6771
5.6771
5.6771
5.6771
5.6771
5.6771
5.6771
5.6771
5.6771
5.6771
5.67709
5.67709
5.67709
5.67709
5.67709
5.67709
5.67709
5.67709
5.67709
5.67709
5.67709
5.67709
5.67709
5.67709
5.67709
5.67709
5.67709
5.67708
5.67708
5.67708
5.67708
5.67708
5.67708
5.67708
5.67708
5.67708
5.67708
5.67708
5.67708
5.67708
5.67708
5.67708
5.67708
5.67708
5.67708
5.67708
5.67708
5.67708
5.67708
5.67708
5.67708
5.67708
5.67708
5.67708
5.67708
5.67708
5.67708
5.67709
5.67709
5.67709
5.67709
5.67709
5.67709
5.67709
5.67709
5.67709
5.67709
5.67709
5.67709
5.67709
5.67709
5.67709
5.67709
5.67709
5.67709
5.6771
5.6771
5.6771
5.6771
5.6771
5.6771
5.6771
5.6771
5.6771
5.6771
5.6771
5.6771
5.6771
5.67711
5.67711
5.67711
5.67711
5.67711
5.67711
5.67711
5.67712
5.67712
5.67712
5.67712
5.67712
5.67713
5.67713
5.67713
5.67713
5.67714
5.67714
5.67714
5.67715
5.67715
5.67716
5.67716
5.67717
5.67718
5.67718
5.67719
5.6772
5.67721
5.67721
5.67722
5.67723
5.67724
5.67726
5.67727
5.67728
5.67729
5.6773
5.67732
5.67733
5.67734
5.67736
5.67737
5.67738
5.67739
5.6774
5.67741
5.67742
5.67743
5.67744
5.67744
5.67745
5.67745
5.67746
5.67746
5.67746
5.67746
5.67746
5.67746
5.67746
5.67745
5.67745
5.67745
5.67744
5.67743
5.67742
5.67742
5.67741
5.6774
5.67739
5.67737
5.67736
5.67735
5.67734
5.67733
5.67732
5.67731
5.6773
5.67729
5.67728
5.67727
5.67726
5.67725
5.67724
5.67724
5.67723
5.67722
5.67722
5.67721
5.67721
5.6772
5.6772
5.6772
5.67719
5.67719
5.67719
5.67718
5.67718
5.67718
5.67717
5.67717
5.67717
5.67717
5.67717
5.67717
5.67716
5.67716
5.67716
5.67716
5.67716
5.67716
5.67716
5.67716
5.67716
5.67715
5.67715
5.67715
5.67715
5.67715
5.67715
5.67715
5.67715
5.67715
5.67715
5.67715
5.67715
5.67715
5.67715
5.67714
5.67714
5.67714
5.67714
5.67714
5.67714
5.67714
5.67714
5.67714
5.67714
5.67714
5.67714
5.67714
5.67714
5.67714
5.67714
5.67714
5.67714
5.67714
5.67713
5.67713
5.67713
5.67713
5.67713
5.67713
5.67713
5.67713
5.67713
5.67713
5.67713
5.67713
5.67713
5.67713
5.67713
5.67713
5.67713
5.67713
5.67713
5.67714
5.67714
5.67714
5.67714
5.67714
5.67714
5.67714
5.67714
5.67714
5.67714
5.67714
5.67714
5.67714
5.67714
5.67714
5.67714
5.67714
5.67714
5.67714
5.67715
5.67715
5.67715
5.67715
5.67715
5.67715
5.67715
5.67715
5.67715
5.67715
5.67715
5.67715
5.67715
5.67715
5.67716
5.67716
5.67716
5.67716
5.67716
5.67716
5.67716
5.67716
5.67716
5.67717
5.67717
5.67717
5.67717
5.67717
5.67718
5.67718
5.67718
5.67718
5.67719
5.67719
5.67719
5.6772
5.6772
5.67721
5.67721
5.67722
5.67722
5.67723
5.67723
5.67724
5.67725
5.67726
5.67727
5.67727
5.67728
5.67729
5.67731
5.67732
5.67733
5.67734
5.67735
5.67737
5.67738
5.67739
5.67741
5.67742
5.67743
5.67744
5.67745
5.67746
5.67747
5.67748
5.67749
5.6775
5.6775
5.6775
5.67751
5.67751
5.67751
5.67751
5.67751
5.67751
5.67751
5.67751
5.6775
5.6775
5.67749
5.67749
5.67748
5.67747
5.67746
5.67745
5.67744
5.67743
5.67742
5.67741
5.6774
5.67738
5.67737
5.67736
5.67735
5.67734
5.67733
5.67732
5.67731
5.67731
5.6773
5.67729
5.67728
5.67728
5.67727
5.67727
5.67726
5.67726
5.67725
5.67725
5.67724
5.67724
5.67724
5.67724
5.67723
5.67723
5.67723
5.67723
5.67722
5.67722
5.67722
5.67722
5.67722
5.67722
5.67721
5.67721
5.67721
5.67721
5.67721
5.67721
5.67721
5.67721
5.67721
5.67721
5.6772
5.6772
5.6772
5.6772
5.6772
5.6772
5.6772
5.6772
5.6772
5.6772
5.6772
5.6772
5.6772
5.6772
5.6772
5.67719
5.67719
5.67719
5.67719
5.67719
5.67719
5.67719
5.67719
5.67719
5.67719
5.67719
5.67719
5.67719
5.67719
5.67719
5.67719
5.67719
5.67719
5.67719
5.67719
5.67719
5.67719
5.67719
5.67719
5.67719
5.67719
5.67719
5.67719
5.67719
5.67719
5.67719
5.67719
5.67719
5.67719
5.67719
5.67719
5.67719
5.67719
5.67719
5.67719
5.67719
5.67719
5.67719
5.67719
5.67719
5.67719
5.67719
5.67719
5.67719
5.6772
5.6772
5.6772
5.6772
5.6772
5.6772
5.6772
5.6772
5.6772
5.6772
5.6772
5.6772
5.6772
5.6772
5.6772
5.6772
5.67721
5.67721
5.67721
5.67721
5.67721
5.67721
5.67721
5.67721
5.67721
5.67722
5.67722
5.67722
5.67722
5.67722
5.67722
5.67723
5.67723
5.67723
5.67723
5.67723
5.67724
5.67724
5.67724
5.67725
5.67725
5.67726
5.67726
5.67727
5.67727
5.67728
5.67728
5.67729
5.6773
5.67731
5.67732
5.67733
5.67733
5.67735
5.67736
5.67737
5.67738
5.67739
5.6774
5.67742
5.67743
5.67744
5.67746
5.67747
5.67748
5.67749
5.6775
5.67751
5.67752
5.67753
5.67754
5.67755
5.67755
5.67756
5.67756
5.67756
5.67756
5.67757
5.67757
5.67756
5.67756
5.67756
5.67756
5.67755
5.67755
5.67754
5.67753
5.67752
5.67752
5.67751
5.67749
5.67748
5.67747
5.67746
5.67745
5.67744
5.67743
5.67742
5.67741
5.6774
5.67739
5.67738
5.67737
5.67736
5.67735
5.67734
5.67734
5.67733
5.67733
5.67732
5.67731
5.67731
5.67731
5.6773
5.6773
5.67729
5.67729
5.67729
5.67729
5.67728
5.67728
5.67728
5.67728
5.67727
5.67727
5.67727
5.67727
5.67727
5.67727
5.67727
5.67726
5.67726
5.67726
5.67726
5.67726
5.67726
5.67726
5.67726
5.67726
5.67726
5.67726
5.67725
5.67725
5.67725
5.67725
5.67725
5.67725
5.67725
5.67725
5.67725
5.67725
5.67725
5.67725
5.67725
5.67725
5.67725
5.67725
5.67725
5.67724
5.67724
5.67724
5.67724
5.67724
5.67724
5.67724
5.67724
5.67724
5.67724
5.67724
5.67724
5.67724
5.67724
5.67724
5.67724
5.67724
5.67724
5.67724
5.67724
5.67724
5.67724
5.67724
5.67724
5.67724
5.67724
5.67724
5.67724
5.67724
5.67724
5.67724
5.67724
5.67724
5.67724
5.67724
5.67724
5.67724
5.67724
5.67724
5.67724
5.67725
5.67725
5.67725
5.67725
5.67725
5.67725
5.67725
5.67725
5.67725
5.67725
5.67725
5.67725
5.67725
5.67725
5.67725
5.67725
5.67726
5.67726
5.67726
5.67726
5.67726
5.67726
5.67726
5.67726
5.67726
5.67726
5.67726
5.67726
5.67727
5.67727
5.67727
5.67727
5.67727
5.67727
5.67728
5.67728
5.67728
5.67728
5.67728
5.67729
5.67729
5.67729
5.6773
5.6773
5.6773
5.67731
5.67731
5.67732
5.67732
5.67733
5.67734
5.67734
5.67735
5.67736
5.67737
5.67738
5.67739
5.6774
5.67741
5.67742
5.67743
5.67744
5.67745
5.67747
5.67748
5.67749
5.67751
5.67752
5.67753
5.67754
5.67755
5.67756
5.67757
5.67758
5.67759
5.6776
5.6776
5.67761
5.67761
5.67761
5.67762
5.67762
5.67762
5.67762
5.67762
5.67761
5.67761
5.67761
5.6776
5.67759
5.67759
5.67758
5.67757
5.67756
5.67755
5.67754
5.67753
5.67752
5.6775
5.67749
5.67748
5.67747
5.67746
5.67745
5.67744
5.67743
5.67742
5.67741
5.67741
5.6774
5.67739
5.67739
5.67738
5.67737
5.67737
5.67736
5.67736
5.67735
5.67735
5.67735
5.67734
5.67734
5.67734
5.67734
5.67733
5.67733
5.67733
5.67733
5.67733
5.67732
5.67732
5.67732
5.67732
5.67732
5.67732
5.67732
5.67732
5.67731
5.67731
5.67731
5.67731
5.67731
5.67731
5.67731
5.67731
5.67731
5.67731
5.67731
5.67731
5.6773
5.6773
5.6773
5.6773
5.6773
5.6773
5.6773
5.6773
5.6773
5.6773
5.6773
5.6773
