401.828
401.828
401.828
401.828
401.828
401.828
401.828
401.828
401.829
401.828
401.828
401.828
401.828
401.828
401.828
401.828
401.829
401.829
401.829
401.829
401.829
401.828
401.828
401.828
401.829
401.829
401.829
401.829
401.829
401.829
401.829
401.829
401.829
401.829
401.829
401.83
401.83
401.83
401.829
401.829
401.829
401.829
401.829
401.83
401.83
401.83
401.83
401.83
401.83
401.83
401.83
401.83
401.83
401.831
401.831
401.831
401.831
401.831
401.831
401.831
401.831
401.831
401.832
401.833
401.833
401.833
401.832
401.832
401.832
401.832
401.833
401.834
401.834
401.835
401.835
401.834
401.834
401.834
401.834
401.835
401.836
401.837
401.837
401.837
401.837
401.837
401.837
401.837
401.837
401.838
401.84
401.841
401.841
401.841
401.84
401.84
401.84
401.841
401.842
401.844
401.845
401.846
401.846
401.846
401.846
401.846
401.846
401.848
401.85
401.852
401.853
401.853
401.853
401.853
401.854
401.854
401.855
401.858
401.861
401.863
401.864
401.864
401.864
401.865
401.866
401.867
401.87
401.874
401.877
401.879
401.879
401.879
401.881
401.882
401.884
401.886
401.892
401.897
401.9
401.901
401.901
401.904
401.906
401.908
401.911
401.917
401.925
401.931
401.921
401.921
401.923
401.926
401.929
401.931
401.938
401.946
401.954
401.958
401.952
401.956
401.96
401.963
401.966
401.966
401.976
401.985
401.993
401.979
401.977
401.982
401.986
401.989
401.992
401.996
402.005
402.014
402.02
402.009
402.012
402.016
402.021
402.024
402.021
402.03
402.04
402.049
402.053
402.048
402.054
402.059
402.064
402.067
402.07
402.082
402.093
402.101
402.085
402.086
402.092
402.097
402.101
402.093
402.099
402.111
402.121
402.127
402.116
402.119
402.123
402.128
402.131
402.129
402.139
402.149
402.159
402.163
402.157
402.164
402.17
402.174
402.178
402.181
402.195
402.206
402.214
402.198
402.198
402.204
402.21
402.214
402.207
402.214
402.226
402.237
402.243
402.23
402.234
402.239
402.244
402.248
402.246
402.257
402.268
402.278
402.259
402.252
402.259
402.264
402.269
402.272
402.275
402.288
402.299
402.307
402.29
402.289
402.295
402.301
402.305
402.298
402.304
402.316
402.326
402.332
402.319
402.322
402.326
402.331
402.335
402.333
402.343
402.353
402.363
402.367
402.36
402.366
402.372
402.377
402.381
402.385
402.399
402.41
402.419
402.401
402.4
402.406
402.412
402.417
402.41
402.417
402.43
402.44
402.446
402.432
402.435
402.44
402.446
402.45
402.448
402.459
402.47
402.48
402.461
402.453
402.459
402.464
402.47
402.474
402.477
402.49
402.501
402.509
402.491
402.489
402.495
402.501
402.506
402.498
402.505
402.518
402.528
402.534
402.52
402.521
402.526
402.531
402.536
402.533
402.544
402.554
402.564
402.568
402.559
402.566
402.572
402.578
402.582
402.586
402.6
402.612
402.62
402.601
402.599
402.606
402.612
402.617
402.61
402.617
402.631
402.641
402.647
402.632
402.635
402.639
402.646
402.65
402.648
402.66
402.672
402.681
402.684
402.675
402.681
402.687
402.693
402.698
402.701
402.715
402.726
402.734
402.715
402.713
402.719
402.725
402.73
402.723
402.73
402.744
402.754
402.76
402.744
402.746
402.75
402.757
402.762
402.76
402.771
402.782
402.792
402.795
402.785
402.79
402.796
402.802
402.807
402.81
402.824
402.835
402.843
402.823
402.82
402.826
402.832
402.838
402.831
402.837
402.85
402.861
402.866
402.851
402.851
402.856
402.862
402.867
402.865
402.876
402.887
402.897
402.899
402.889
402.894
402.899
402.905
402.911
402.914
402.927
402.938
402.945
402.926
402.922
402.928
402.934
402.94
402.933
402.939
402.952
402.962
402.967
402.952
402.952
402.956
402.962
402.967
402.965
402.976
402.987
402.996
402.999
402.988
402.993
402.998
403.004
403.009
403.012
403.025
403.036
403.043
403.024
403.019
403.025
403.031
403.037
403.03
403.036
403.049
403.059
403.064
403.048
403.048
403.051
403.057
403.063
403.061
403.071
403.083
403.091
403.094
403.083
403.087
403.092
403.098
403.104
403.106
403.119
403.13
403.137
403.118
403.113
403.118
403.123
403.129
403.135
403.143
403.156
403.166
403.17
403.154
403.154
403.159
403.165
403.171
403.17
403.181
403.193
403.201
403.203
403.193
403.197
403.202
403.209
403.215
403.219
403.232
403.243
403.25
403.23
403.226
403.231
403.237
403.244
403.238
403.245
403.258
403.268
403.272
403.256
403.256
403.26
403.266
403.272
403.271
403.282
403.294
403.302
403.304
403.293
403.297
403.302
403.309
403.315
403.319
403.332
403.343
403.349
403.329
403.325
403.33
403.336
403.342
403.337
403.344
403.357
403.366
403.37
403.354
403.353
403.357
403.364
403.37
403.369
403.38
403.391
403.399
403.4
403.39
403.394
403.4
403.407
403.414
403.419
403.433
403.444
403.45
403.43
403.426
403.432
403.438
403.445
403.44
403.449
403.462
403.471
403.475
403.459
403.459
403.463
403.471
403.477
403.478
403.49
403.501
403.509
403.51
403.499
403.503
403.509
403.516
403.523
403.529
403.542
403.553
403.559
403.538
403.534
403.54
403.546
403.553
403.549
403.557
403.57
403.579
403.582
403.566
403.566
403.571
403.578
403.585
403.585
403.597
403.608
403.615
403.616
403.606
403.611
403.618
403.626
403.618
403.623
403.637
403.647
403.653
403.632
403.628
403.633
403.64
403.647
403.643
403.652
403.665
403.674
403.677
403.66
403.66
403.664
403.672
403.679
403.68
403.692
403.702
403.709
403.71
403.7
403.705
403.712
403.72
403.712
403.718
403.731
403.742
403.747
403.726
403.721
403.727
403.734
403.742
403.738
403.746
403.759
403.768
403.771
403.754
403.754
403.758
403.766
403.773
403.774
403.786
403.797
403.804
403.804
403.793
403.799
403.806
403.814
403.807
403.813
403.826
403.836
403.841
403.82
403.816
403.821
403.828
403.836
403.833
403.841
403.854
403.863
403.865
403.848
403.848
403.853
403.86
403.868
403.869
403.881
403.892
403.899
403.898
403.888
403.893
403.9
403.909
403.902
403.908
403.922
403.932
403.936
403.915
403.91
403.916
403.923
403.932
403.928
403.937
403.95
403.958
403.96
403.943
403.943
403.948
403.956
403.964
403.966
403.978
403.988
403.994
403.973
403.961
403.965
403.971
403.98
403.988
403.994
404.007
404.016
404.021
404
403.995
404
404.008
404.016
404.013
404.022
404.034
404.042
404.044
404.027
404.027
404.031
404.039
404.047
404.049
404.061
404.07
404.077
404.076
404.065
404.07
404.077
404.086
404.095
404.102
404.116
404.126
404.129
404.108
404.105
404.111
404.119
404.127
404.125
404.136
404.148
404.156
404.157
404.14
404.142
404.147
404.156
404.164
404.167
404.18
404.19
404.196
404.173
404.163
404.168
404.174
404.183
404.192
404.199
404.213
404.222
404.225
404.204
404.201
404.206
404.214
404.223
404.221
404.231
404.243
404.25
404.251
404.235
404.236
404.241
404.25
404.259
404.262
404.274
404.284
404.289
404.267
404.257
404.262
404.268
404.277
404.286
404.293
404.306
404.314
404.317
404.297
404.294
404.299
404.307
404.316
404.315
404.324
404.336
404.342
404.343
404.327
404.328
404.333
404.342
404.35
404.354
404.366
404.375
404.38
404.358
404.349
404.353
404.36
404.368
404.377
404.384
404.397
404.405
404.407
404.388
404.385
404.389
404.397
404.406
404.405
404.415
404.426
404.432
404.432
404.417
404.418
404.423
404.431
404.44
404.444
404.455
404.464
404.468
404.447
404.438
404.442
404.449
404.457
404.466
404.474
404.486
404.493
404.495
404.476
404.473
404.478
404.485
404.494
404.494
404.503
404.514
404.52
404.519
404.505
404.506
404.511
404.519
404.528
404.531
404.543
404.551
404.555
404.535
404.526
404.53
404.536
404.545
404.553
404.561
404.573
404.579
404.581
404.563
404.56
404.564
404.572
404.581
404.581
404.59
404.599
404.604
404.603
404.589
404.591
404.597
404.606
404.615
404.62
404.632
404.64
404.643
404.622
404.615
404.62
404.627
404.636
404.645
404.653
404.665
404.672
404.672
404.655
404.653
404.658
404.667
404.676
404.678
404.69
404.698
404.703
404.701
404.69
404.694
404.702
404.712
404.721
404.729
404.742
404.75
404.753
404.73
404.726
404.732
404.741
404.751
404.75
404.76
404.772
404.778
404.778
404.76
404.761
404.766
404.776
404.786
404.79
404.802
404.811
404.815
404.792
404.781
404.785
404.793
404.803
404.812
404.82
404.833
404.84
404.842
404.821
404.817
