5.02655
5.02655
5.02655
5.02655
5.02655
5.02655
5.02655
5.02655
5.02655
5.02655
5.02655
5.02655
5.02655
5.02655
5.02655
5.02655
5.02655
5.02655
5.02655
5.02655
5.02655
5.02655
5.02655
5.02655
5.02655
5.02655
5.02655
5.02655
5.02655
5.02655
5.02655
5.02655
5.02655
5.02655
5.02655
5.02655
5.02655
5.02655
5.02655
5.02655
5.02655
5.02655
5.02655
5.02655
5.02655
5.02655
5.02655
5.02655
5.02655
5.02655
5.02655
5.02655
5.02655
5.02655
5.02655
5.02655
5.02655
5.02655
5.02655
5.02655
5.02655
5.02655
5.02656
5.02656
5.02656
5.02656
5.02656
5.02656
5.02656
5.02656
5.02656
5.02656
5.02656
5.02656
5.02656
5.02656
5.02656
5.02656
5.02656
5.02656
5.02656
5.02656
5.02656
5.02656
5.02656
5.02657
5.02657
5.02657
5.02657
5.02657
5.02657
5.02657
5.02657
5.02657
5.02657
5.02658
5.02658
5.02658
5.02658
5.02658
5.02658
5.02658
5.02658
5.02658
5.02659
5.02659
5.02659
5.02659
5.0266
5.0266
5.0266
5.0266
5.0266
5.02661
5.02661
5.02661
5.02661
5.02661
5.02662
5.02662
5.02662
5.02662
5.02663
5.02664
5.02664
5.02664
5.02664
5.02665
5.02666
5.02666
5.02666
5.02666
5.02668
5.02669
5.02668
5.02669
5.02669
5.02671
5.02671
5.02671
5.02671
5.02673
5.02675
5.02675
5.02675
5.02676
5.02677
5.02679
5.02674
5.02677
5.02679
5.02681
5.02682
5.02681
5.02685
5.02687
5.02689
5.02689
5.02688
5.02694
5.02697
5.02699
5.02699
5.02699
5.02705
5.02707
5.02708
5.02702
5.02704
5.0271
5.02713
5.02715
5.02714
5.02717
5.02719
5.02721
5.02722
5.02718
5.02723
5.02726
5.02729
5.02729
5.02728
5.02733
5.02735
5.02738
5.02738
5.02738
5.02746
5.02749
5.02752
5.02751
5.02753
5.0276
5.02763
5.02765
5.02758
5.02762
5.02769
5.02773
5.02774
5.0277
5.02774
5.02781
5.02783
5.02784
5.0278
5.02786
5.02789
5.02792
5.02792
5.02791
5.02797
5.02799
5.02801
5.02801
5.02802
5.0281
5.02814
5.02816
5.02816
5.02818
5.02826
5.02829
5.0283
5.02823
5.02828
5.02836
5.0284
5.02841
5.02837
5.02841
5.02848
5.0285
5.02851
5.02847
5.02853
5.02857
5.0286
5.0286
5.02859
5.02865
5.02868
5.0287
5.02862
5.02861
5.02869
5.02873
5.02875
5.02875
5.02876
5.02884
5.02886
5.02888
5.02881
5.02884
5.02892
5.02896
5.02897
5.02893
5.02896
5.02903
5.02906
5.02907
5.02902
5.02908
5.02911
5.02914
5.02915
5.02913
5.02918
5.02921
5.02923
5.02923
5.02923
5.02932
5.02936
5.02938
5.02938
5.0294
5.02948
5.0295
5.02952
5.02945
5.02949
5.02957
5.02961
5.02962
5.02958
5.02962
5.02969
5.02972
5.02973
5.02968
5.02974
5.02978
5.02981
5.02982
5.0298
5.02986
5.02988
5.02991
5.02982
5.02981
5.02989
5.02993
5.02996
5.02995
5.02997
5.03004
5.03007
5.03008
5.03001
5.03004
5.03012
5.03016
5.03018
5.03013
5.03016
5.03023
5.03026
5.03027
5.03022
5.03027
5.03031
5.03034
5.03034
5.03032
5.03038
5.0304
5.03043
5.03043
5.03043
5.03051
5.03055
5.03058
5.03057
5.03059
5.03067
5.0307
5.03072
5.03064
5.03068
5.03076
5.0308
5.03082
5.03077
5.03081
5.03088
5.03091
5.03092
5.03087
5.03093
5.03097
5.031
5.03101
5.03099
5.03105
5.03112
5.03114
5.03114
5.03113
5.03122
5.03126
5.03128
5.03128
5.03129
5.03137
5.0314
5.03141
5.03134
5.03137
5.03145
5.03149
5.03151
5.03146
5.03149
5.03157
5.03159
5.03161
5.03155
5.03161
5.03164
5.03168
5.03168
5.03166
5.03172
5.03179
5.03181
5.03181
5.0318
5.03188
5.03192
5.03194
5.03194
5.03195
5.03203
5.03205
5.03207
5.032
5.03202
5.03211
5.03214
5.03216
5.03211
5.03214
5.03221
5.03224
5.03225
5.0322
5.03225
5.03228
5.03231
5.03232
5.0323
5.03235
5.03242
5.03244
5.03245
5.03243
5.03251
5.03254
5.03257
5.03257
5.03258
5.03265
5.03267
5.03269
5.03262
5.03264
5.03272
5.03276
5.03277
5.03272
5.03275
5.03282
5.03285
5.03286
5.03281
5.03285
5.03288
5.03292
5.03293
5.0329
5.03295
5.03302
5.03304
5.03305
5.03303
5.0331
5.03314
5.03316
5.03316
5.03317
5.03323
5.03326
5.03328
5.0332
5.03323
5.0333
5.03334
5.03336
5.03331
5.03333
5.0334
5.03342
5.03344
5.03338
5.03343
5.03346
5.03349
5.0335
5.03347
5.03352
5.03359
5.03361
5.03361
5.03359
5.03366
5.0337
5.03372
5.03372
5.03373
5.03379
5.03382
5.03384
5.03376
5.03378
5.03386
5.03389
5.03391
5.03391
5.03394
5.03401
5.03403
5.03404
5.03399
5.03404
5.03408
5.03411
5.03412
5.03409
5.03415
5.03421
5.03424
5.03424
5.03423
5.0343
5.03434
5.03436
5.03436
5.03437
5.03444
5.03447
5.03448
5.03441
5.03444
5.03451
5.03455
5.03457
5.03452
5.03455
5.03462
5.03464
5.03465
5.0346
5.03465
5.03468
5.03471
5.03472
5.0347
5.03475
5.03481
5.03484
5.03484
5.03483
5.0349
5.03493
5.03496
5.03496
5.03496
5.03503
5.03506
5.03507
5.035
5.03503
5.0351
5.03514
5.03515
5.03511
5.03513
5.0352
5.03522
5.03524
5.03519
5.03523
5.03526
5.03529
5.0353
5.03528
5.03533
5.03535
5.03537
5.03538
5.03537
5.03545
5.03548
5.03551
5.03551
5.03552
5.03559
5.03562
5.03564
5.03556
5.0356
5.03568
5.03572
5.03573
5.03568
5.03572
5.03579
5.03581
5.03582
5.03578
5.03583
5.03586
5.0359
5.0359
5.03588
5.03594
5.036
5.03603
5.03603
5.03602
5.0361
5.03614
5.03616
5.03616
5.03617
5.03624
5.03627
5.03629
5.03621
5.03624
5.03632
5.03636
5.03637
5.03633
5.03636
5.03643
5.03645
5.03647
5.03642
5.03647
5.0365
5.03654
5.03654
5.03652
5.03658
5.0366
5.03662
5.03663
5.03662
5.03671
5.03675
5.03677
5.03671
5.03672
5.03679
5.03682
5.03683
5.03676
5.03679
5.03687
5.03691
5.03692
5.03688
5.03691
5.03698
5.037
5.03701
5.03697
5.03702
5.03705
5.03708
5.03709
5.03707
5.03712
5.03715
5.03717
5.03717
5.03717
5.03726
5.0373
5.03732
5.03725
5.03726
5.03734
5.03736
5.03738
5.03731
5.03734
5.03742
5.03745
5.03747
5.03742
5.03745
5.03752
5.03755
5.03756
5.03751
5.03757
5.0376
5.03763
5.03763
5.03761
5.03767
5.03769
5.03772
5.03772
5.03772
5.0378
5.03784
5.03787
5.0378
5.03781
5.03788
5.03791
5.03793
5.03786
5.03789
5.03796
5.038
5.03802
5.03797
5.038
5.03807
5.0381
5.03811
5.03806
5.03811
5.03814
5.03818
5.03818
5.03816
5.03822
5.03824
5.03827
5.03827
5.03827
5.03835
5.03839
5.03841
5.03835
5.03836
5.03843
5.03846
5.03848
5.03841
5.03844
5.03852
5.03855
5.03857
5.03852
5.03855
5.03862
5.03865
5.03866
5.03861
5.03867
5.0387
5.03873
5.03873
5.03872
5.03877
5.0388
5.03882
5.03874
5.03873
5.0388
5.03884
5.03886
5.03886
5.03887
5.03894
5.03896
5.03898
5.03891
5.03894
5.03902
5.03905
5.03906
5.03902
5.03905
5.03912
5.03914
5.03915
5.03911
5.03916
5.03919
5.03922
5.03923
5.03921
5.03926
5.03928
5.03931
5.03931
5.03931
5.03939
5.03943
5.03945
5.03945
5.03946
5.03954
5.03957
5.03958
5.03952
5.03956
5.03963
5.03967
5.03968
5.03964
5.03968
5.03975
5.03978
5.03979
5.03975
5.03981
5.03984
5.03987
5.03988
5.03986
5.03993
5.03995
5.03997
5.03989
5.03989
5.03997
5.04
5.04003
5.04002
5.04004
5.04011
5.04014
5.04015
5.04009
5.04013
5.0402
5.04024
5.04025
5.04021
5.04025
5.04032
5.04034
5.04035
5.04031
5.04037
5.0404
5.04043
5.04044
5.04043
5.04048
5.04051
5.04053
5.04045
5.04045
5.04053
5.04056
5.04058
5.04058
5.0406
5.04067
5.04069
5.0407
5.04064
5.04068
5.04075
5.04079
5.0408
5.04076
5.0408
5.04086
5.04089
5.04089
5.04086
5.04092
5.04095
5.04097
5.04098
5.04097
5.04102
5.04105
5.04107
5.04099
5.041
5.04107
5.0411
5.04112
5.04112
5.04113
5.0412
5.04122
5.04124
5.04118
5.04122
5.04129
5.04132
5.04133
5.04129
5.04133
5.04139
5.04141
5.04142
5.04139
5.04144
5.04147
5.0415
5.0415
5.04149
5.04155
5.04157
5.04159
5.04152
5.04152
5.04159
5.04162
5.04164
5.04164
5.04166
5.04172
5.04174
5.04176
5.0417
5.04174
5.0418
5.04183
5.04184
5.04181
5.04185
5.04191
5.04193
5.04193
5.0419
5.04196
5.04199
5.04201
5.04201
5.04201
5.04206
5.04208
5.0421
5.04203
5.04204
5.0421
5.04213
5.04215
5.04215
5.04217
5.04223
5.04225
5.04226
5.04221
5.04225
5.04231
5.04234
5.04235
5.04232
5.04235
5.04237
5.04239
5.0424
5.04237
5.04244
5.04247
5.04249
5.04249
5.04249
5.04255
5.04257
5.04259
5.04252
5.04254
5.0426
5.04264
5.04265
5.04265
5.04267
5.04274
5.04276
5.04277
5.04273
5.04277
5.0428
5.04283
5.04284
5.04282
5.04286
5.04289
5.04291
5.04291
5.04291
5.04298
5.04302
5.04304
5.04304
5.04305
5.04313
5.04315
5.04317
5.0431
5.04314
5.04321
5.04325
5.04326
5.04322
5.04325
5.04332
5.04335
5.04336
5.04332
5.04337
5.04341
5.04344
5.04344
5.04343
5.04348
5.04351
5.04353
5.04345
5.04345
5.04352
5.04356
5.04358
5.04358
5.04359
5.04366
5.04368
5.0437
5.04364
5.04367
