159.978
159.917
159.842
159.787
159.777
159.818
159.894
159.973
160.019
160.01
159.948
159.858
159.781
159.75
159.781
159.863
159.962
160.034
160.045
159.988
159.885
159.782
159.724
159.739
159.823
159.941
160.044
160.082
160.037
159.924
159.793
159.702
159.692
159.77
159.907
160.043
160.118
160.094
159.978
159.819
159.688
159.643
159.706
159.855
160.029
160.149
160.159
160.047
159.863
159.686
159.594
159.631
159.785
159.996
160.17
160.227
160.134
159.928
159.701
159.551
159.546
159.694
159.938
160.175
160.295
160.237
160.02
159.74
159.52
159.456
159.582
159.851
160.155
160.357
160.354
160.141
159.81
159.508
159.366
159.449
159.731
160.103
160.402
160.482
160.294
159.919
159.525
159.283
159.298
159.573
160.008
160.419
160.611
160.479
160.074
159.582
159.218
159.136
159.377
159.861
160.394
160.731
160.693
160.284
159.692
159.184
158.97
159.144
159.655
160.311
160.825
160.931
160.553
159.87
159.195
158.814
158.878
159.383
160.154
160.871
161.177
160.886
160.13
159.273
158.683
158.59
159.043
159.904
160.844
161.413
161.281
160.49
159.438
158.597
158.292
158.638
159.55
160.712
161.606
161.727
160.965
159.718
158.583
158.003
158.177
159.081
160.446
161.717
162.101
161.589
160.371
158.98
158.013
157.803
158.416
159.659
161.168
162.237
162.153
161.19
159.703
158.36
157.674
157.884
158.799
160.263
161.751
162.344
161.927
160.761
159.256
158.081
157.653
158.114
159.287
160.889
162.225
162.416
161.596
160.08
158.557
157.638
157.652
158.443
159.892
161.55
162.597
162.312
161.109
159.434
158.044
157.433
157.799
158.912
160.581
162.168
162.652
162.005
160.613
158.962
157.781
157.522
158.082
159.308
160.964
162.337
162.516
161.65
160.076
158.512
157.58
157.609
158.434
159.937
161.648
162.717
162.398
161.138
159.407
157.986
157.375
157.767
158.925
160.652
162.286
162.765
162.072
160.623
158.922
157.721
157.472
158.063
159.337
161.049
162.457
162.618
161.7
160.065
158.461
157.52
157.568
158.433
159.991
161.756
162.664
162.427
161.236
159.536
158.098
157.439
157.771
158.871
160.554
162.194
162.738
162.126
160.732
159.047
157.818
157.519
158.052
159.273
160.952
162.38
162.611
161.768
160.182
158.578
157.6
157.595
158.402
159.908
161.657
162.787
162.51
161.256
159.497
158.032
157.378
157.743
158.891
160.636
162.32
162.852
162.187
160.731
158.996
157.752
157.468
158.038
159.311
161.047
162.507
162.712
161.811
160.159
158.517
157.536
157.555
158.407
159.973
161.775
162.732
162.529
161.34
159.615
158.139
157.443
157.754
158.849
160.549
162.232
162.82
162.229
160.827
159.111
157.846
157.519
158.036
159.259
160.961
162.432
162.699
161.867
160.265
158.627
157.615
157.588
158.387
159.902
161.683
162.86
162.607
161.35
159.565
158.064
157.381
157.729
158.878
160.643
162.367
162.936
162.284
160.814
159.05
157.773
157.467
158.027
159.306
161.067
162.566
162.799
161.901
160.23
158.556
157.546
157.549
158.399
159.866
161.636
162.837
162.633
161.417
159.652
158.142
157.431
157.745
158.861
160.598
162.323
162.928
162.324
160.887
159.133
157.842
157.508
158.035
159.284
161.024
162.532
162.804
161.949
160.307
158.635
157.605
157.579
158.396
159.837
161.594
162.815
162.653
161.475
159.73
158.214
157.48
157.764
158.848
160.561
162.284
162.919
162.356
160.951
159.208
157.905
157.548
158.047
159.267
160.988
162.501
162.806
161.989
160.375
158.706
157.661
157.609
158.398
159.814
161.558
162.794
162.668
161.524
159.799
158.28
157.526
157.785
158.842
160.53
162.249
162.909
162.383
161.006
159.276
157.965
157.588
158.061
159.256
160.958
162.473
162.805
162.022
160.434
158.77
157.713
157.64
158.404
159.797
161.527
162.774
162.679
161.566
159.86
158.34
157.571
157.807
158.84
160.506
162.219
162.899
162.404
161.053
159.336
158.019
157.626
158.077
159.25
160.933
162.448
162.803
162.049
160.486
158.829
157.762
157.671
158.413
159.785
161.502
162.755
162.687
161.601
159.914
158.395
157.613
157.831
158.842
160.487
162.193
162.888
162.42
161.094
159.389
158.07
157.589
158.096
159.328
161.062
162.581
162.879
162.047
160.419
158.741
157.697
157.653
158.455
159.885
161.64
162.874
162.734
161.572
159.833
158.31
157.563
157.835
158.909
160.613
162.338
162.986
162.438
161.043
159.303
157.994
157.629
158.119
159.332
161.048
162.563
162.875
162.068
160.461
158.792
157.744
157.688
158.473
159.884
161.625
162.86
162.738
161.599
159.878
158.36
157.606
157.865
158.921
160.607
162.321
162.977
162.449
161.075
159.348
158.041
157.668
158.144
159.341
161.04
162.548
162.871
162.083
160.496
158.838
157.788
157.723
158.493
159.993
161.784
163.003
162.797
161.565
159.778
158.251
157.534
157.856
158.987
160.748
162.492
163.095
162.473
161.014
159.24
157.941
157.613
158.157
159.428
161.192
162.708
162.964
162.081
160.412
158.727
157.701
157.693
158.536
160.003
161.779
162.992
162.798
161.584
159.815
158.296
157.579
157.892
159.01
160.753
162.482
163.087
162.479
161.038
159.278
157.985
157.655
158.191
159.448
161.195
162.7
162.959
162.09
160.439
158.766
157.745
157.733
158.566
160.13
161.955
163.139
162.847
161.535
159.701
158.181
157.599
157.908
159.022
160.762
162.493
163.102
162.499
161.061
159.302
158.007
157.674
158.207
159.462
161.207
162.713
162.975
162.11
160.461
158.788
157.765
157.751
158.582
160.144
161.968
163.154
162.864
161.554
159.721
158.201
157.618
157.926
159.039
160.778
162.508
163.118
162.515
161.078
159.321
158.026
157.693
158.226
159.48
161.224
162.729
162.99
162.125
160.477
158.805
157.783
157.77
158.602
160.164
161.987
163.17
162.878
161.568
159.736
158.217
157.637
157.946
159.061
160.799
162.527
163.133
162.528
161.091
159.334
158.042
157.713
158.247
159.503
161.247
162.748
163.005
162.136
160.488
158.818
157.8
157.791
158.626
160.19
162.01
163.188
162.89
161.576
159.745
158.231
157.655
157.97
159.087
160.827
162.551
163.149
162.537
161.097
159.343
158.056
157.732
158.273
159.532
161.276
162.77
163.018
162.143
160.493
158.827
157.816
157.813
158.655
160.221
162.039
163.019
162.834
161.648
159.913
158.419
157.712
158.02
159.12
160.832
162.525
163.115
162.517
161.104
159.377
158.108
157.787
158.319
159.559
161.274
162.742
162.987
162.129
160.508
158.867
157.869
157.867
158.696
160.239
162.026
163.171
162.869
161.574
159.773
158.288
157.64
158.034
159.227
161.019
162.726
163.23
162.509
161.001
159.234
157.993
157.74
158.36
159.688
161.469
162.923
163.067
162.091
160.381
158.727
157.777
157.853
158.775
160.409
162.237
163.14
162.841
161.568
159.798
158.336
157.699
158.091
159.268
161.032
162.706
163.197
162.486
161.003
159.266
158.044
157.799
158.414
159.724
161.475
162.899
163.035
162.073
160.392
158.766
157.832
157.912
158.824
160.436
162.23
163.111
162.812
161.558
159.817
158.379
157.756
158.148
159.312
161.05
162.691
163.164
162.46
161
159.291
158.092
157.856
158.468
159.763
161.486
162.879
163.003
162.052
160.397
158.798
157.884
157.97
158.876
160.467
162.229
163.084
162.781
161.543
159.83
158.418
157.811
158.206
159.36
161.073
162.68
163.133
162.432
160.991
159.311
158.135
157.911
158.524
159.806
161.502
162.862
162.971
162.027
160.397
158.826
157.933
158.028
158.93
160.503
162.232
163.059
162.748
161.524
159.837
158.452
157.864
158.264
159.41
161.101
162.672
163.103
162.401
160.978
159.326
158.176
157.966
158.582
159.852
161.522
162.848
162.939
162
160.392
158.85
157.979
158.085
158.986
160.542
162.239
163.037
162.714
161.501
159.84
158.483
157.915
158.323
159.464
161.132
162.668
163.073
162.367
160.961
159.337
158.213
158.02
158.64
159.989
161.702
162.99
162.976
161.931
160.258
158.722
157.909
158.096
159.082
160.712
162.422
163.145
162.709
161.404
159.703
158.372
157.873
158.366
159.588
161.314
162.834
163.142
162.323
160.704
159.028
157.981
157.938
158.74
160.276
162.091
163.297
163.045
161.767
159.949
158.422
157.73
158.093
159.272
161.073
162.82
163.375
162.686
161.178
159.386
158.106
157.822
158.422
159.746
161.543
163.038
163.219
162.259
160.54
158.857
157.874
157.928
158.841
160.481
162.335
163.272
162.996
161.725
159.937
158.447
157.787
158.167
159.344
161.123
162.824
163.338
162.636
